Persistency checked PN sim
net: HHYPE
UNFOLD_FOR_INOUT=0; RANDOM_MODE=1; INTERLEAVING_SEMANTIC=1
40 tiles: 880 places, 570 transitions
Finished. Time steps: 100000000 / 100000000
Transitions fired: 100000000
Hazards: 741608
Time (compute) = 524.325628

FULL COUNT:

0	173718	18383
1	173718	0
2	173717	0
3	173718	0
4	310298	0
5	173717	0
6	173717	0
7	173672	0
8	173672	18429
9	155111	18562
10	155188	18530
11	173672	0
12	173672	0
13	173672	0
14	173672	0
15	173718	0
16	173718	0
17	173718	0
18	173718	0
19	173718	0
20	173718	0
21	173718	0
22	173718	0
23	173718	0
24	173717	0
25	173717	0
26	173718	0
27	173718	0
28	173717	0
29	173719	0
30	173719	0
31	173719	0
32	173719	0
33	173718	0
34	173719	0
35	173719	0
36	173718	0
37	173718	0
38	173718	0
39	173718	0
40	173718	0
41	173718	0
42	173718	0
43	173720	0
44	173720	0
45	173720	0
46	173720	0
47	173719	0
48	173720	0
49	173720	0
50	173719	0
51	173719	0
52	173719	0
53	173719	0
54	173719	0
55	173719	0
56	173719	0
57	173695	18625
58	173695	0
59	173694	0
60	173694	0
61	310115	0
62	173694	0
63	173694	0
64	173720	0
65	173719	18406
66	155250	18470
67	154866	18829
68	173719	0
69	173720	0
70	173720	0
71	173719	0
72	173695	0
73	173695	0
74	173694	0
75	173695	0
76	173694	0
77	173694	0
78	173695	0
79	173694	0
80	173695	0
81	173694	0
82	173694	0
83	173695	0
84	173694	0
85	173694	0
86	173695	0
87	173695	0
88	173695	0
89	173695	0
90	173694	0
91	173694	0
92	173695	0
93	173694	0
94	173695	0
95	173694	0
96	173694	0
97	173695	0
98	173695	0
99	173694	0
100	173695	0
101	173695	0
102	173695	0
103	173695	0
104	173695	0
105	173695	0
106	173695	0
107	173694	0
108	173695	0
109	173694	0
110	173694	0
111	173695	0
112	173695	0
113	173694	0
114	173648	18738
115	173648	0
116	173647	0
117	173648	0
118	310163	0
119	173647	0
120	173647	0
121	173695	0
122	173694	18518
123	155141	18554
124	155023	18625
125	173694	0
126	173695	0
127	173695	0
128	173695	0
129	173649	0
130	173649	0
131	173648	0
132	173649	0
133	173648	0
134	173648	0
135	173648	0
136	173648	0
137	173648	0
138	173647	0
139	173647	0
140	173648	0
141	173648	0
142	173647	0
143	173649	0
144	173649	0
145	173648	0
146	173648	0
147	173648	0
148	173648	0
149	173649	0
150	173648	0
151	173649	0
152	173648	0
153	173648	0
154	173649	0
155	173649	0
156	173648	0
157	173649	0
158	173649	0
159	173649	0
160	173649	0
161	173649	0
162	173648	0
163	173649	0
164	173648	0
165	173649	0
166	173648	0
167	173648	0
168	173649	0
169	173649	0
170	173648	0
171	173783	18627
172	173783	0
173	173783	0
174	173783	0
175	310175	0
176	173783	0
177	173783	0
178	173649	0
179	173648	18606
180	155113	18536
181	155062	18721
182	173648	0
183	173649	0
184	173649	0
185	173648	0
186	173784	0
187	173784	0
188	173784	0
189	173784	0
190	173783	0
191	173784	0
192	173784	0
193	173783	0
194	173783	0
195	173783	0
196	173783	0
197	173783	0
198	173783	0
199	173783	0
200	173785	0
201	173785	0
202	173785	0
203	173785	0
204	173784	0
205	173785	0
206	173785	0
207	173784	0
208	173784	0
209	173784	0
210	173784	0
211	173784	0
212	173784	0
213	173784	0
214	173786	0
215	173786	0
216	173785	0
217	173786	0
218	173785	0
219	173785	0
220	173785	0
221	173785	0
222	173785	0
223	173784	0
224	173784	0
225	173785	0
226	173785	0
227	173785	0
228	173654	18441
229	173654	0
230	173653	0
231	173653	0
232	310281	0
233	173653	0
234	173653	0
235	173786	0
236	173785	18308
237	155174	18612
238	155108	18546
239	173785	0
240	173786	0
241	173786	0
242	173785	0
243	173654	0
244	173654	0
245	173654	0
246	173654	0
247	173653	0
248	173654	0
249	173654	0
250	173653	0
251	173653	0
252	173653	0
253	173653	0
254	173654	0
255	173653	0
256	173653	0
257	173655	0
258	173655	0
259	173654	0
260	173654	0
261	173654	0
262	173654	0
263	173655	0
264	173654	0
265	173654	0
266	173654	0
267	173653	0
268	173654	0
269	173654	0
270	173654	0
271	173654	0
272	173654	0
273	173654	0
274	173654	0
275	173654	0
276	173654	0
277	173654	0
278	173653	0
279	173654	0
280	173654	0
281	173654	0
282	173655	0
283	173654	0
284	173654	0
285	173784	18529
286	173784	0
287	173784	0
288	173784	0
289	310224	0
290	173784	0
291	173784	0
292	173654	0
293	173654	18435
294	155124	18531
295	155101	18683
296	173654	0
297	173654	0
298	173654	0
299	173654	0
300	173785	0
301	173785	0
302	173784	0
303	173785	0
304	173784	0
305	173784	0
306	173784	0
307	173784	0
308	173784	0
309	173784	0
310	173784	0
311	173784	0
312	173784	0
313	173784	0
314	173785	0
315	173785	0
316	173785	0
317	173785	0
318	173785	0
319	173785	0
320	173785	0
321	173784	0
322	173785	0
323	173784	0
324	173784	0
325	173785	0
326	173785	0
327	173784	0
328	173785	0
329	173785	0
330	173785	0
331	173785	0
332	173785	0
333	173785	0
334	173785	0
335	173785	0
336	173785	0
337	173784	0
338	173784	0
339	173785	0
340	173785	0
341	173785	0
342	173647	18654
343	173647	0
344	173646	0
345	173646	0
346	310466	0
347	173646	0
348	173646	0
349	173785	0
350	173785	18377
351	155130	18656
352	155337	18310
353	173785	0
354	173785	0
355	173785	0
356	173785	0
357	173647	0
358	173647	0
359	173646	0
360	173646	0
361	173646	0
362	173646	0
363	173647	0
364	173646	0
365	173646	0
366	173646	0
367	173646	0
368	173646	0
369	173646	0
370	173646	0
371	173647	0
372	173647	0
373	173646	0
374	173646	0
375	173646	0
376	173646	0
377	173647	0
378	173646	0
379	173646	0
380	173646	0
381	173646	0
382	173647	0
383	173646	0
384	173646	0
385	173647	0
386	173647	0
387	173646	0
388	173647	0
389	173646	0
390	173646	0
391	173647	0
392	173646	0
393	173647	0
394	173646	0
395	173646	0
396	173647	0
397	173647	0
398	173646	0
399	173724	18639
400	173724	0
401	173724	0
402	173724	0
403	310525	0
404	173724	0
405	173724	0
406	173647	0
407	173646	18534
408	155022	18625
409	155503	18221
410	173646	0
411	173647	0
412	173647	0
413	173646	0
414	173725	0
415	173724	0
416	173724	0
417	173724	0
418	173724	0
419	173724	0
420	173724	0
421	173724	0
422	173724	0
423	173724	0
424	173724	0
425	173724	0
426	173724	0
427	173724	0
428	173724	0
429	173724	0
430	173724	0
431	173724	0
432	173724	0
433	173724	0
434	173724	0
435	173723	0
436	173724	0
437	173724	0
438	173724	0
439	173724	0
440	173724	0
441	173724	0
442	173724	0
443	173724	0
444	173724	0
445	173724	0
446	173724	0
447	173724	0
448	173724	0
449	173723	0
450	173724	0
451	173723	0
452	173723	0
453	173724	0
454	173724	0
455	173723	0
456	173606	18638
457	173606	0
458	173605	0
459	173605	0
460	310532	0
461	173605	0
462	173605	0
463	173724	0
464	173723	18490
465	155421	18303
466	155112	18494
467	173723	0
468	173724	0
469	173724	0
470	173724	0
471	173606	0
472	173606	0
473	173606	0
474	173606	0
475	173605	0
476	173606	0
477	173606	0
478	173605	0
479	173606	0
480	173605	0
481	173605	0
482	173606	0
483	173605	0
484	173605	0
485	173606	0
486	173606	0
487	173605	0
488	173605	0
489	173605	0
490	173605	0
491	173606	0
492	173605	0
493	173606	0
494	173605	0
495	173605	0
496	173606	0
497	173606	0
498	173606	0
499	173606	0
500	173606	0
501	173606	0
502	173606	0
503	173605	0
504	173606	0
505	173606	0
506	173606	0
507	173605	0
508	173605	0
509	173605	0
510	173606	0
511	173605	0
512	173605	0
513	173672	18470
514	173672	0
515	173672	0
516	173672	0
517	310054	0
518	173672	0
519	173671	0
520	173606	0
521	173606	18729
522	155038	18569
523	155017	18655
524	173606	0
525	173606	0
526	173606	0
527	173606	0
528	173672	0
529	173672	0
530	173672	0
531	173672	0
532	173672	0
533	173672	0
534	173672	0
535	173672	0
536	173672	0
537	173672	0
538	173672	0
539	173672	0
540	173672	0
541	173672	0
542	173673	0
543	173672	0
544	173672	0
545	173672	0
546	173672	0
547	173672	0
548	173673	0
549	173672	0
550	173672	0
551	173672	0
552	173672	0
553	173672	0
554	173672	0
555	173672	0
556	173673	0
557	173673	0
558	173672	0
559	173672	0
560	173672	0
561	173672	0
562	173673	0
563	173672	0
564	173672	0
565	173672	0
566	173672	0
567	173672	0
568	173672	0
569	173672	0
